" 3.21 "
"test case for QUARTER Pro version 3.2"
 0  72  29.92  45  98  650  54  12 
 12  6.8  0.55  0.05 
 6500  7000  7500  8000  8500  9000  9500  10000  10500  11000  11500 
 40  47  53  58  62  66  69  72  73  73  72 
 1  1 
 3  2.1  1.65  1.38  1.23  1.1 
 0.99  0.991  0.992  0.993  0.994  0.995 
 10800  10900  11000  11000  11000  0 
 11000         8500  1  1 "Y"
 5.72  0.99  25  5  2 
 0.18  0.031  4.3 
 6  180 
 20  54  90 
 1.77  13  42 
 5  0  0 
 15  2  12  5 
 2  25  6 
 9  25  6  18 
