" 3.21 "
"test case for Bonneville Pro 3.2"
 4500  75  29.92  55  105  2350  110  6 
 0  19.5  0.29  0.6 
 6700  7200  7600  8200  8500  8800  9100  9300  0  0  0 
 1030  1100  1140  1190  1200  1180  1080  950  0  0  0 
 1  1 
 2.4  1.99  1.59  1.24  1  0 
 0.99  0.991  0.992  0.993  0.994  0 
 8900  9000  9000  9000  0  0 
 7800          7200  1  1.005 "N"
 3.1  0.97  103  10  5 
 3.72549  0.372549  33.5987 
 5  90 
 71  45  88 
 1  1  1 
 10  0  0 
 57  3.7  31  14 
 2  80  9 
 37.5  103  12.5  15 
