" 3.21 "
"test case for Bonneville Pro 3.2"
 4500  76  29.92  50  106  2350  125  5 
 0  24.1  0.58  0.8 
 6400  6600  6800  7000  7200  7400  7600  7800  0  0  0 
 5559.987  5733.737  5733.451  5581.357  5298.826  4857.974  4302.36  3629.627  0  0  0 
 0.96  8 
 1.25  1  0  0  0  0 
 0.8  0.99  0  0  0  0 
 7000  0  0  0  0  0 
 5900          6400  1  1 "N"
 2.1  0.96  113  10  6 
 4.178682  0.1671473  44.36557 
 0  0 
 63  58  95 
 1  1  1 
 10  0  0 
 65  4  50  14 
 3  20  8 
 46  113  15  15 
