" 3.21 "
"test case for QUARTER Pro version 3.2"
 32  75  29.92  55  105  2355  107  9 
 40  18.2  0.24  0.1 
 7000  7250  7500  7750  8000  8250  8500  8750  9000  9250  9500 
 1078  1131  1177  1216  1251  1274  1288  1300  1297  1269  1222 
 1  1 
 2.6  1.9  1.5  1.2  1  0 
 0.99  0.991  0.992  0.993  0.994  0 
 9400  9400  9400  9400  0  0 
 7200          7600  1  1.004 "N"
 4.86  0.975  102.5  17  3 
 3.42  0.247  50.8 
 5  135 
 66  44  90 
 1  1  1 
 17  0  0 
 57  3.65  25  14 
 2  90  9 
 37.5  102.5  15  15 
