" 3.21 "
"test case for Bonneville Pro 3.2"
 600  69  29.92  45  99  615  80  2 
 0  6.6  0.55  0.05 
 6500  7000  7500  8000  8500  9000  9500  10000  10500  11000  11500 
 40  47  54  58  62  65  70  72  73  74  73 
 1  1 
 3.08  2.06  1.65  1.4  1.23  1.1 
 0.99  0.991  0.992  0.993  0.994  0.995 
 11000  10900  10800  10800  10800  0 
 6500          9000  1  1 "Y"
 5.72  0.99  25  5  8 
 8.876263E-02  1.065151E-02  3.724093 
 6  45 
 20  53  90 
 1.77  13  42 
 5  0  0 
 15  2  12  5 
 2  25  6 
 9  25  6  18 
